<TICKER>,<PER>,<DTYYYYMMDD>,<OPEN>,<HIGH>,<LOW>,<CLOSE>,<VOL>,<OI>
RDSA,D,20090102,18.65,19.745,18.65,19.685,5717190
RDSA,D,20090105,19.98,20.10,19.37,20.075,8215451
RDSA,D,20090106,20.20,20.95,19.965,20.565,11572494
RDSA,D,20090107,20.50,20.565,19.77,20.065,10651784
RDSA,D,20090108,19.795,20.39,19.68,20.285,8361025
RDSA,D,20090109,20.265,20.49,19.905,20.21,8375941
RDSA,D,20090112,20.05,20.21,19.65,19.75,6337689
RDSA,D,20090113,19.58,19.98,19.42,19.88,9348858
RDSA,D,20090114,20.03,20.08,18.70,18.945,11422603
RDSA,D,20090115,18.87,19.085,18.42,18.58,11596315
RDSA,D,20090116,18.945,19.41,18.80,19.00,10539804
RDSA,D,20090119,19.27,19.485,18.60,18.885,6988330
RDSA,D,20090120,18.68,18.91,18.475,18.645,10906758
RDSA,D,20090121,18.485,18.585,17.695,17.905,15148963
RDSA,D,20090122,18.445,18.57,17.815,17.88,12421073
RDSA,D,20090123,17.81,18.395,17.50,18.215,10974954
RDSA,D,20090126,18.345,19.015,18.05,18.98,11344866
RDSA,D,20090127,19.05,19.10,18.42,19.09,9453897
RDSA,D,20090128,19.25,19.385,19.025,19.16,9942888
RDSA,D,20090129,18.88,19.74,18.87,19.72,12675704
RDSA,D,20090130,19.63,19.82,19.30,19.395,13707755
RDSA,D,20090202,19.20,19.28,18.86,19.24,10136640
RDSA,D,20090203,19.325,19.455,18.75,19.365,10868480
RDSA,D,20090204,19.18,19.75,19.06,19.50,10723714
RDSA,D,20090205,19.28,19.625,18.955,19.58,12436502
RDSA,D,20090206,19.815,20.00,19.50,19.96,9819865
RDSA,D,20090209,19.88,20.13,19.615,19.995,6271107
RDSA,D,20090210,19.81,19.905,19.22,19.275,8677541
RDSA,D,20090211,19.05,19.505,18.975,19.45,8086176
RDSA,D,20090212,19.31,19.39,18.97,19.39,10825713
RDSA,D,20090213,19.54,20.025,19.505,19.77,9789458
RDSA,D,20090216,19.63,19.755,19.505,19.56,3987219
RDSA,D,20090217,19.365,19.48,19.075,19.24,7334185
RDSA,D,20090218,19.33,19.365,18.865,19.32,8663566
RDSA,D,20090219,19.46,19.56,19.09,19.16,6637970
RDSA,D,20090220,18.97,19.01,18.60,18.64,10022643
RDSA,D,20090223,18.83,18.96,18.31,18.395,9184863
RDSA,D,20090224,18.10,18.40,17.815,18.03,10665415
RDSA,D,20090225,18.30,18.32,17.71,17.94,10073379
RDSA,D,20090226,18.135,18.16,17.54,17.82,10282965
RDSA,D,20090227,17.685,17.73,17.00,17.39,14607256
RDSA,D,20090302,17.015,17.185,16.00,16.15,29237490
RDSA,D,20090303,16.16,16.685,15.27,15.38,21116320
RDSA,D,20090304,15.71,16.48,15.60,16.40,17295924
RDSA,D,20090305,16.30,16.37,15.89,15.935,13104560
RDSA,D,20090306,16.01,16.80,15.905,16.44,16237799
RDSA,D,20090309,16.56,16.69,16.095,16.495,10124048
RDSA,D,20090310,16.36,17.305,16.22,17.10,12786026
RDSA,D,20090311,17.05,17.37,16.86,17.06,9519504
RDSA,D,20090312,16.76,17.36,16.655,17.24,8824498
RDSA,D,20090313,17.50,17.78,17.38,17.52,9019452
RDSA,D,20090316,17.65,17.85,17.35,17.78,8354958
RDSA,D,20090317,17.61,17.69,17.07,17.465,10388382
RDSA,D,20090318,17.58,17.65,16.45,16.76,14771255
RDSA,D,20090319,16.75,17.215,16.53,16.77,17560770
RDSA,D,20090320,16.535,16.925,16.535,16.73,11286362
RDSA,D,20090323,17.10,17.40,16.91,17.33,10105206
RDSA,D,20090324,17.355,17.42,16.95,17.21,9985637
RDSA,D,20090325,17.10,17.61,17.08,17.49,6490377
RDSA,D,20090326,17.60,17.66,17.15,17.285,7493827
RDSA,D,20090327,17.285,17.50,17.145,17.30,5100846
RDSA,D,20090330,17.05,17.13,16.69,16.70,6356115
RDSA,D,20090331,16.77,16.99,16.62,16.93,7276822
RDSA,D,20090401,16.74,16.79,16.295,16.69,13644493
RDSA,D,20090402,17.15,17.54,17.00,17.435,9772761
RDSA,D,20090403,17.48,17.72,16.97,17.08,7989471
RDSA,D,20090406,17.25,17.33,16.66,16.755,11505165
RDSA,D,20090407,16.915,17.045,16.39,16.535,8782076
RDSA,D,20090408,16.33,16.475,16.16,16.30,9169605
RDSA,D,20090409,16.50,16.51,16.165,16.235,10341240
RDSA,D,20090414,16.35,16.51,15.93,16.16,12246598
RDSA,D,20090415,16.20,16.52,16.025,16.135,12572952
RDSA,D,20090416,16.22,16.40,15.97,16.40,10321808
RDSA,D,20090417,16.52,16.61,16.20,16.40,11122699
RDSA,D,20090420,16.445,16.63,16.19,16.24,8539745
RDSA,D,20090421,16.25,16.41,15.975,16.40,8032974
RDSA,D,20090422,16.48,16.56,16.19,16.385,9445552
RDSA,D,20090423,16.40,16.825,16.26,16.67,8135519
RDSA,D,20090424,16.80,17.46,16.69,17.32,10755898
RDSA,D,20090427,17.14,17.425,16.955,17.38,7268210
RDSA,D,20090428,17.21,17.365,17.08,17.245,6749533
RDSA,D,20090429,17.48,17.485,17.185,17.41,7970117
RDSA,D,20090430,17.50,17.885,17.415,17.57,10247621
RDSA,D,20090504,17.715,18.045,17.62,17.99,5552256
RDSA,D,20090505,18.145,18.15,17.84,17.965,8341383
RDSA,D,20090506,17.65,17.97,17.405,17.875,10865628
RDSA,D,20090507,18.05,18.295,17.67,17.79,12315560
RDSA,D,20090508,17.985,18.315,17.90,18.18,8162641
RDSA,D,20090511,18.25,18.25,17.58,17.69,7901132
RDSA,D,20090512,17.68,18.135,17.60,18.05,8448377
RDSA,D,20090513,18.29,18.585,18.17,18.24,10591686
RDSA,D,20090514,18.13,18.285,17.815,18.01,8642678
RDSA,D,20090515,18.05,18.14,17.81,18.03,6145779
RDSA,D,20090518,17.90,18.615,17.75,18.535,6792881
RDSA,D,20090519,18.72,18.75,18.44,18.625,6904957
RDSA,D,20090520,18.515,19.02,18.515,18.895,8096223
RDSA,D,20090521,18.63,18.68,18.405,18.535,5621861
RDSA,D,20090522,18.555,18.63,18.37,18.53,5014367
RDSA,D,20090525,18.485,18.55,18.22,18.50,2071801
RDSA,D,20090526,18.46,18.86,18.21,18.795,5216879
RDSA,D,20090527,18.92,18.94,18.54,18.76,5571495
RDSA,D,20090528,18.56,18.805,18.50,18.76,5631324
RDSA,D,20090529,18.96,19.275,18.915,19.00,8890050
RDSA,D,20090601,19.39,19.67,19.26,19.53,6822797
RDSA,D,20090602,19.41,19.60,19.30,19.545,5901657
RDSA,D,20090603,19.65,19.73,19.04,19.24,9013481
RDSA,D,20090604,19.22,19.53,19.10,19.255,6576347
RDSA,D,20090605,19.365,19.68,19.325,19.46,6669029
RDSA,D,20090608,19.50,19.54,19.16,19.41,5721240
RDSA,D,20090609,19.74,19.75,19.33,19.40,5680376
RDSA,D,20090610,19.615,19.97,19.61,19.725,9480955
RDSA,D,20090611,19.635,19.715,19.46,19.65,5149136
RDSA,D,20090612,19.63,19.64,19.305,19.40,4644614
RDSA,D,20090615,19.255,19.26,18.64,18.695,8040873
RDSA,D,20090616,18.765,18.97,18.70,18.70,5409070
RDSA,D,20090617,18.79,18.865,18.27,18.41,8393110
RDSA,D,20090618,18.50,18.515,18.015,18.29,5948292
RDSA,D,20090619,18.26,18.775,18.175,18.735,7622417
RDSA,D,20090622,18.72,18.80,17.92,17.92,8155440
RDSA,D,20090623,17.85,18.015,17.68,17.785,5950764
RDSA,D,20090624,17.92,18.02,17.68,17.925,5916440
RDSA,D,20090625,17.85,17.88,17.44,17.725,6852822
RDSA,D,20090626,17.87,18.03,17.56,17.695,6127735
RDSA,D,20090629,17.695,18.19,17.625,18.105,5918891
RDSA,D,20090630,18.245,18.26,17.685,17.80,6508722
RDSA,D,20090701,17.80,18.335,17.80,18.155,5975190
RDSA,D,20090702,18.02,18.05,17.40,17.53,11725507
RDSA,D,20090703,17.615,17.69,17.405,17.545,4342001
RDSA,D,20090706,17.40,17.415,16.885,17.05,10848711
RDSA,D,20090707,17.11,17.19,16.80,16.86,6246234
RDSA,D,20090708,16.70,17.00,16.675,16.735,7181489
RDSA,D,20090709,16.94,17.05,16.71,16.915,5480301
RDSA,D,20090710,16.85,16.935,16.68,16.74,5979345
RDSA,D,20090713,16.68,17.02,16.555,16.96,6316298
RDSA,D,20090714,17.06,17.25,16.86,17.12,6395290
RDSA,D,20090715,17.21,17.60,17.185,17.595,6790560
RDSA,D,20090716,17.685,17.82,17.45,17.725,6276045
RDSA,D,20090717,17.77,17.93,17.71,17.785,7106132
RDSA,D,20090720,17.94,18.19,17.725,18.06,7299612
RDSA,D,20090721,18.09,18.22,17.935,18.135,7207064
RDSA,D,20090722,18.15,18.15,17.905,18.015,5070781
RDSA,D,20090723,18.06,18.37,17.90,18.30,5723107
RDSA,D,20090724,18.30,18.57,18.18,18.325,5958267
RDSA,D,20090727,18.495,18.595,18.365,18.565,5876852
RDSA,D,20090728,18.595,18.77,18.31,18.36,8081352
RDSA,D,20090729,18.365,18.805,18.35,18.54,7285868
RDSA,D,20090730,18.80,18.83,18.49,18.73,7960961
RDSA,D,20090731,18.615,18.615,18.325,18.44,9232754
RDSA,D,20090803,18.50,18.77,18.36,18.575,7982665
RDSA,D,20090804,18.61,18.69,18.44,18.69,6876835
RDSA,D,20090805,18.39,18.43,17.96,18.09,8550651
RDSA,D,20090806,18.055,18.25,18.005,18.10,6760085
RDSA,D,20090807,18.17,18.48,18.03,18.345,8084924
RDSA,D,20090810,18.35,18.36,18.15,18.21,3731924
RDSA,D,20090811,18.40,18.44,18.265,18.36,6696958
RDSA,D,20090812,18.415,18.685,18.34,18.58,5759485
RDSA,D,20090813,18.67,18.72,18.36,18.485,6846414
RDSA,D,20090814,18.61,18.82,18.385,18.45,6980929
RDSA,D,20090817,18.37,18.43,18.105,18.30,6627973
RDSA,D,20090818,18.40,18.495,18.32,18.425,3897405
RDSA,D,20090819,18.25,18.51,18.16,18.46,5461428
RDSA,D,20090820,18.69,18.80,18.585,18.73,6546869
RDSA,D,20090821,18.695,19.315,18.65,19.20,10760427
RDSA,D,20090824,19.35,19.47,19.22,19.26,7249845
RDSA,D,20090825,19.20,19.49,19.03,19.45,7056617
RDSA,D,20090826,19.335,19.475,19.21,19.36,6459551
RDSA,D,20090827,19.34,19.45,19.19,19.275,4705737
RDSA,D,20090828,19.38,19.63,19.305,19.46,6322316
RDSA,D,20090831,19.37,19.45,19.29,19.355,3527156
RDSA,D,20090901,19.44,19.48,19.125,19.155,7129172
RDSA,D,20090902,19.12,19.55,18.98,19.48,9950394
RDSA,D,20090903,19.38,19.51,19.30,19.33,6830765
RDSA,D,20090904,19.415,19.51,19.265,19.385,5798043
RDSA,D,20090907,19.45,19.515,19.27,19.50,5414282
RDSA,D,20090908,19.50,19.70,19.38,19.70,11049340
RDSA,D,20090909,19.60,20.01,19.58,20.01,11828635
RDSA,D,20090910,19.99,20.085,19.675,20.02,8940420
RDSA,D,20090911,20.065,20.11,19.87,19.95,6598606
RDSA,D,20090914,19.71,19.82,19.59,19.77,7088107
RDSA,D,20090915,19.75,19.90,19.61,19.76,7755814
RDSA,D,20090916,19.955,19.955,19.71,19.79,7324107
RDSA,D,20090917,19.94,20.045,19.855,20.035,7435272
RDSA,D,20090918,19.94,20.04,19.825,19.825,9711963
RDSA,D,20090921,19.94,20.035,19.79,19.96,7168454
RDSA,D,20090922,20.00,20.20,19.99,20.09,6670675
RDSA,D,20090923,20.095,20.185,19.835,19.915,7499890
RDSA,D,20090924,19.835,20.045,19.54,19.67,9140156
RDSA,D,20090925,19.67,19.805,19.545,19.55,6749255
RDSA,D,20090928,19.50,19.875,19.37,19.86,6254211
RDSA,D,20090929,19.95,19.96,19.70,19.80,5952091
RDSA,D,20090930,19.85,19.90,19.41,19.55,8358285
RDSA,D,20091001,19.54,19.74,19.31,19.355,7212021
RDSA,D,20091002,19.27,19.34,19.00,19.10,7318839
RDSA,D,20091005,19.07,19.10,18.92,19.02,6375965
RDSA,D,20091006,19.095,19.54,19.045,19.475,6861173
RDSA,D,20091007,19.435,19.525,19.285,19.33,5957630
RDSA,D,20091008,19.47,19.565,19.23,19.33,7071148
RDSA,D,20091009,19.27,19.44,19.245,19.41,6095701
RDSA,D,20091012,19.49,19.72,19.365,19.665,5764875
RDSA,D,20091013,19.70,19.72,19.545,19.58,7769114
RDSA,D,20091014,19.79,20.115,19.745,20.055,11048803
RDSA,D,20091015,20.155,20.27,19.97,20.135,9585838
RDSA,D,20091016,20.305,20.75,20.27,20.485,13609218
RDSA,D,20091019,20.55,20.95,20.55,20.915,8860307
RDSA,D,20091020,20.995,21.03,20.745,20.89,9024021
RDSA,D,20091021,20.945,21.175,20.755,21.135,12131742
RDSA,D,20091022,20.935,20.97,20.63,20.87,7787392
RDSA,D,20091023,20.86,21.05,20.72,20.795,7713246
RDSA,D,20091026,20.84,21.19,20.755,20.855,9696784
RDSA,D,20091027,21.055,21.455,21.02,21.39,12975266
RDSA,D,20091028,21.39,21.415,21.045,21.19,12107937
RDSA,D,20091029,20.76,20.81,20.23,20.78,16095207
RDSA,D,20091030,20.60,20.725,20.09,20.21,11764063
RDSA,D,20091102,20.16,20.235,19.97,20.10,10670919
RDSA,D,20091103,20.185,20.30,20.02,20.195,9000557
RDSA,D,20091104,20.06,20.245,19.97,20.12,7443586
RDSA,D,20091105,19.93,20.43,19.79,20.315,7615491
RDSA,D,20091106,20.31,20.39,19.98,20.235,6096441
RDSA,D,20091109,20.40,20.695,20.35,20.655,6039699
RDSA,D,20091110,20.65,20.93,20.60,20.72,6562471
RDSA,D,20091111,20.90,21.125,20.80,20.805,7829261
RDSA,D,20091112,20.745,20.915,20.675,20.75,5889857
RDSA,D,20091113,20.70,20.835,20.575,20.81,5412700
RDSA,D,20091116,20.98,21.165,20.785,21.095,5494970
RDSA,D,20091117,20.935,21.22,20.93,21.11,6265923
RDSA,D,20091118,21.26,21.30,20.95,21.00,5911250
RDSA,D,20091119,20.98,21.10,20.555,20.655,7882850
RDSA,D,20091120,20.61,20.73,20.25,20.305,7401120
RDSA,D,20091123,20.41,20.82,20.40,20.745,5401608
RDSA,D,20091124,20.555,20.765,20.49,20.64,6341577
RDSA,D,20091125,20.78,20.80,20.505,20.66,4935976
RDSA,D,20091126,20.46,20.54,19.955,20.075,8725181
RDSA,D,20091127,19.77,20.375,19.725,20.225,7531238
RDSA,D,20091130,20.27,20.31,19.735,19.79,8917720
RDSA,D,20091201,19.99,20.265,19.915,20.21,6461654
RDSA,D,20091202,20.28,20.435,20.185,20.30,5932520
RDSA,D,20091203,20.48,20.49,20.17,20.245,5938073
RDSA,D,20091204,20.22,20.815,20.18,20.64,10041488
RDSA,D,20091207,20.52,20.67,20.35,20.575,6717928
RDSA,D,20091208,20.575,20.62,20.18,20.33,9574830
RDSA,D,20091209,20.215,20.375,20.01,20.215,7127527
RDSA,D,20091210,20.195,20.365,20.12,20.195,5558334
RDSA,D,20091211,20.24,20.44,20.23,20.27,6791567
RDSA,D,20091214,20.40,20.545,20.335,20.43,5519483
RDSA,D,20091215,20.425,20.47,20.20,20.385,5067914
RDSA,D,20091216,20.33,20.64,20.33,20.51,5398242
RDSA,D,20091217,20.40,20.59,20.32,20.325,6307032
RDSA,D,20091218,20.355,20.68,20.24,20.24,9859140
RDSA,D,20091221,20.395,20.82,20.32,20.65,4778348
RDSA,D,20091222,20.755,21.185,20.70,20.985,8196386
RDSA,D,20091223,21.11,21.28,21.07,21.14,3505331
RDSA,D,20091224,21.30,21.30,21.12,21.18,1197085
RDSA,D,20091228,21.215,21.29,21.185,21.20,2115651
RDSA,D,20091229,21.28,21.37,21.18,21.21,2667105
RDSA,D,20091230,21.13,21.225,20.975,21.13,2153945
RDSA,D,20091231,21.295,21.30,21.065,21.10,1082125
