<TICKER>,<PER>,<DTYYYYMMDD>,<OPEN>,<HIGH>,<LOW>,<CLOSE>,<VOL>,<OI>
RDSA,D,20100104,21.26,21.60,21.215,21.58,5141127
RDSA,D,20100105,21.63,21.77,21.50,21.725,5714816
RDSA,D,20100106,21.665,21.74,21.52,21.57,6060348
RDSA,D,20100107,21.515,21.54,21.325,21.505,8011212
RDSA,D,20100108,21.545,21.555,21.23,21.38,9461664
RDSA,D,20100111,21.48,21.665,21.41,21.45,6183621
RDSA,D,20100112,21.41,21.42,21.015,21.17,8339378
RDSA,D,20100113,21.00,21.075,20.80,21.02,10218125
RDSA,D,20100114,21.12,21.13,20.87,21.005,7591758
RDSA,D,20100115,21.125,21.335,20.95,20.95,13531894
RDSA,D,20100118,21.08,21.175,20.96,21.085,4077159
RDSA,D,20100119,21.125,21.42,20.885,21.385,6720320
RDSA,D,20100120,21.355,21.50,21.20,21.29,8009076
RDSA,D,20100121,21.39,21.45,20.985,21.025,8699430
RDSA,D,20100122,20.98,21.135,20.585,20.67,10818112
RDSA,D,20100125,20.50,20.745,20.50,20.57,7281563
RDSA,D,20100126,20.525,20.715,20.43,20.695,7752801
RDSA,D,20100127,20.52,20.69,20.34,20.465,6866399
RDSA,D,20100128,20.62,20.64,20.095,20.095,8760172
RDSA,D,20100129,20.15,20.39,20.15,20.195,6631214
RDSA,D,20100201,20.055,20.32,19.975,20.265,8026706
RDSA,D,20100202,20.20,20.485,19.94,20.445,8644779
RDSA,D,20100203,20.49,20.51,20.32,20.395,5031263
RDSA,D,20100204,20.10,20.155,19.825,19.945,15890754
RDSA,D,20100205,19.80,19.90,19.525,19.775,13870531
RDSA,D,20100208,19.92,20.07,19.645,20.005,7781169
RDSA,D,20100209,20.03,20.045,19.755,19.95,8745018
RDSA,D,20100210,19.90,19.915,19.585,19.64,9284092
RDSA,D,20100211,19.775,20.125,19.61,20.085,12144137
RDSA,D,20100212,20.25,20.32,19.87,19.90,10047785
RDSA,D,20100215,19.97,20.115,19.92,19.945,4105948
RDSA,D,20100216,20.125,20.195,19.975,20.18,6102371
RDSA,D,20100217,20.315,20.405,20.24,20.295,6724326
RDSA,D,20100218,20.265,20.45,20.265,20.44,5514659
RDSA,D,20100219,20.37,20.545,20.32,20.49,6322754
RDSA,D,20100222,20.555,20.59,20.355,20.40,4005745
RDSA,D,20100223,20.50,20.57,20.145,20.245,7428395
RDSA,D,20100224,20.28,20.42,20.165,20.35,7040534
RDSA,D,20100225,20.37,20.37,19.86,19.92,8238402
RDSA,D,20100226,20.13,20.13,19.83,20.015,8099892
RDSA,D,20100301,20.10,20.44,20.05,20.435,15604667
RDSA,D,20100302,20.465,20.57,20.35,20.56,6232053
RDSA,D,20100303,20.515,20.75,20.40,20.66,5665182
RDSA,D,20100304,20.575,20.735,20.525,20.69,5416921
RDSA,D,20100305,20.69,20.92,20.60,20.885,7215080
RDSA,D,20100308,20.95,20.995,20.81,20.915,4327670
RDSA,D,20100309,20.99,21.04,20.85,21.005,5235146
RDSA,D,20100310,21.015,21.265,20.96,21.19,6612952
RDSA,D,20100311,21.15,21.315,21.11,21.205,5461542
RDSA,D,20100312,21.20,21.40,21.125,21.23,5661014
RDSA,D,20100315,21.21,21.24,21.05,21.07,5180289
RDSA,D,20100316,21.185,21.51,21.17,21.43,14011320
RDSA,D,20100317,21.50,21.945,21.43,21.87,9159830
RDSA,D,20100318,21.70,21.975,21.695,21.89,6397948
RDSA,D,20100319,21.92,22.055,21.545,21.585,11587294
RDSA,D,20100322,21.58,21.585,21.31,21.53,7221087
RDSA,D,20100323,21.59,21.705,21.45,21.62,5925121
RDSA,D,20100324,21.65,21.72,21.48,21.65,6350012
RDSA,D,20100325,21.70,21.765,21.505,21.545,5900300
RDSA,D,20100326,21.50,21.585,21.38,21.405,6225520
RDSA,D,20100329,21.50,21.50,21.20,21.325,4990566
RDSA,D,20100330,21.405,21.515,21.365,21.42,4305471
RDSA,D,20100331,21.415,21.51,21.285,21.415,4895567
RDSA,D,20100401,21.465,21.75,21.465,21.75,6914551
RDSA,D,20100406,21.95,22.195,21.95,22.175,7526398
RDSA,D,20100407,22.20,22.35,22.08,22.08,7491851
RDSA,D,20100408,22.00,22.135,21.835,22.045,5102329
RDSA,D,20100409,22.23,22.47,22.22,22.43,7492619
RDSA,D,20100412,22.50,22.535,22.21,22.37,4516851
RDSA,D,20100413,22.35,22.46,22.18,22.285,5007816
RDSA,D,20100414,22.385,22.68,22.35,22.605,6666497
RDSA,D,20100415,22.73,22.795,22.49,22.75,6044450
RDSA,D,20100416,22.64,22.885,22.48,22.505,9052585
RDSA,D,20100419,22.45,22.605,22.315,22.54,7170066
RDSA,D,20100420,22.62,22.97,22.57,22.935,8476158
RDSA,D,20100421,23.01,23.095,22.885,22.97,8185433
RDSA,D,20100422,22.86,23.02,22.655,22.825,8724819
RDSA,D,20100423,22.82,22.975,22.625,22.905,8302425
RDSA,D,20100426,23.065,23.235,22.915,23.06,8231299
RDSA,D,20100427,23.15,23.31,22.965,23.175,13173761
RDSA,D,20100428,23.22,23.775,23.20,23.555,17138034
RDSA,D,20100429,23.58,23.64,23.24,23.45,13459041
RDSA,D,20100430,23.465,23.84,23.455,23.57,13048615
RDSA,D,20100503,23.64,23.64,23.335,23.495,5912571
RDSA,D,20100504,23.57,23.61,22.785,22.885,13631876
RDSA,D,20100505,22.77,22.90,22.31,22.42,12963201
RDSA,D,20100506,22.20,22.40,21.975,22.02,12399459
RDSA,D,20100507,21.22,21.865,20.935,21.26,22769464
RDSA,D,20100510,21.87,22.25,21.35,22.035,19866084
RDSA,D,20100511,21.825,22.19,21.76,22.145,9288523
RDSA,D,20100512,22.055,22.21,21.81,22.075,8331319
RDSA,D,20100513,22.33,22.345,21.98,22.105,4958038
RDSA,D,20100514,21.985,21.99,21.675,21.75,8320263
RDSA,D,20100517,21.89,22.025,21.66,21.72,8424309
RDSA,D,20100518,21.90,21.93,21.535,21.885,6501210
RDSA,D,20100519,21.625,21.91,21.335,21.365,9493426
RDSA,D,20100520,21.44,21.715,20.955,21.335,11827485
RDSA,D,20100521,21.155,21.25,20.505,20.87,15579723
RDSA,D,20100524,20.91,21.025,20.665,20.78,5774208
RDSA,D,20100525,20.27,20.78,20.01,20.705,10536320
RDSA,D,20100526,20.85,21.06,20.515,20.80,8918651
RDSA,D,20100527,20.845,21.39,20.845,21.35,8644037
RDSA,D,20100528,21.42,21.665,21.145,21.345,6470501
RDSA,D,20100531,21.44,21.53,21.135,21.19,3547961
RDSA,D,20100601,21.24,21.745,20.97,21.63,11282522
RDSA,D,20100602,21.45,21.745,21.24,21.705,6769652
RDSA,D,20100603,21.975,22.185,21.915,22.045,7214256
RDSA,D,20100604,22.17,22.45,21.77,21.86,8121467
RDSA,D,20100607,21.57,21.86,21.565,21.71,6159187
RDSA,D,20100608,21.735,21.76,21.175,21.44,7083598
RDSA,D,20100609,21.60,21.63,21.215,21.43,6256453
RDSA,D,20100610,21.32,21.44,21.205,21.38,9593820
RDSA,D,20100611,21.505,21.72,21.285,21.57,8026236
RDSA,D,20100614,21.65,21.80,21.475,21.595,7167275
RDSA,D,20100615,21.45,21.79,21.40,21.635,5698270
RDSA,D,20100616,21.765,22.02,21.68,21.99,7689588
RDSA,D,20100617,22.00,22.18,21.835,22.015,6046374
RDSA,D,20100618,22.00,22.135,21.90,21.965,10621814
RDSA,D,20100621,22.28,22.415,22.165,22.245,5921197
RDSA,D,20100622,22.175,22.35,21.94,22.27,7715211
RDSA,D,20100623,22.09,22.225,21.925,22.02,7024653
RDSA,D,20100624,22.125,22.17,21.52,21.59,6767923
RDSA,D,20100625,21.50,21.54,21.25,21.35,5952324
RDSA,D,20100628,21.395,21.69,21.335,21.64,6132508
RDSA,D,20100629,21.42,21.525,21.025,21.11,7002495
RDSA,D,20100630,21.06,21.09,20.65,20.75,8361041
RDSA,D,20100701,20.50,20.575,19.725,19.75,14879895
RDSA,D,20100702,19.88,20.05,19.725,19.905,8165233
RDSA,D,20100705,20.035,20.09,19.76,19.76,3656619
RDSA,D,20100706,19.835,20.245,19.795,20.07,7329678
RDSA,D,20100707,19.905,20.24,19.79,20.205,5980349
RDSA,D,20100708,20.355,20.835,20.30,20.81,7689994
RDSA,D,20100709,20.895,21.195,20.825,21.055,6108657
RDSA,D,20100712,21.11,21.325,20.93,21.205,4037370
RDSA,D,20100713,21.205,21.625,21.20,21.59,5732919
RDSA,D,20100714,21.75,21.83,21.615,21.825,6005338
RDSA,D,20100715,21.78,21.88,21.36,21.505,6477993
RDSA,D,20100716,21.46,21.62,21.21,21.275,6649863
RDSA,D,20100719,21.20,21.35,21.05,21.115,4266534
RDSA,D,20100720,21.14,21.20,20.845,21.03,4163266
RDSA,D,20100721,21.15,21.405,21.15,21.20,4691322
RDSA,D,20100722,21.08,21.68,21.06,21.64,4921320
RDSA,D,20100723,21.665,21.895,21.55,21.85,6235117
RDSA,D,20100726,21.97,22.00,21.615,21.755,4843808
